883.694986790007 115
879.265166450156 117
887.022603909861 119
876.879457987983 121
864.242262413789 161
864.24226241379 163
1333.52024449441 283
1297.00157384064 285
1225.67716376924 289
884.625533273276 303
1017.35810089792 305
1058.57537709602 307
1031.93542395117 309
1043.0584946305 311
1016.86174998535 313
1028.43510571733 315
1300.39507315953 343
2191.20379824205 245
1294.8411551699 353
1071.72678610678 187
2074.44206631922 247
1259.60370391898 189
962.201563435285 185
984.80646392879 13
898.183934729476 113
1011.29302103984 183
997.018701189759 97
649.951272007376 123
1554.17364046084 273
1016.56044758245 181
2092.68289026761 241
1576.70602301288 269
2003.86230723186 249
1045.37401462302 95
1062.10790236951 93
1374.89292442033 281
978.155087052213 99
998.016269370679 179
1726.51537204303 255
964.64537928663 101
1586.96034792264 271
821.410161482652 155
935.617690067796 103
1889.74227652231 251
887.571376998447 111
1487.20732802465 265
1263.45265320213 87
1670.4376328029 257
1287.77682146052 89
747.472424087657 125
777.755543990958 127
891.045242504951 107
1465.67556039972 275
1284.04723543873 291
961.238596350592 177
909.995646141211 105
1374.9780693067 279
1309.31705771471 193
821.869632108578 157
1221.95515136393 359
1234.87458950138 337
1380.55860739906 351
1315.94429051467 345
1773.63173256172 253
1538.62375196666 259
1421.20928965135 277
936.32793534912 65
944.053180258291 15
1293.09497253436 355
875.694465475609 19
835.342281806081 159
894.01073962779 109
1060.498582073 7
884.706765828747 21
758.182661701828 129
1385.88252298219 349
908.097801625333 17
1219.18665591682 321
1451.16077124016 263
1212.38065318673 203
1118.89652174848 81
799.079622972944 153
1290.93604614063 195
1306.12714756196 335
903.853671971663 167
1302.12263521333 191
1188.53095212516 85
921.687402459342 63
881.281399363281 27
1266.92304314243 197
1089.16790736672 79
1255.5962046104 325
1189.66898597507 1
915.243373004566 169
1300.39507315953 341
1231.12489844277 323
1270.42300192799 327
1166.3692432601 223
1252.18743551385 293
884.939259260618 29
946.353155044692 173
1199.53769429421 207
1515.92131610027 267
967.124871284189 175
1211.49265397251 205
895.995755111499 33
1167.71561786867 213
900.529546815153 23
1107.13570060399 5
1179.7688680391 217
966.113216513495 69
1176.06454325125 215
1172.45624461466 221
1169.76922382474 211
1282.28328276025 331
1015.80540005075 11
1128.40258504773 3
1287.55238464812 333
895.890493084446 25
1231.98792195978 295
1179.01651704382 219
1189.30846712817 209
1192.7792743896 201
1011.74536376438 75
766.354994134867 131
777.607517238366 149
1254.04190768799 357
1108.60766415385 91
935.168492566413 171
1252.17730216737 199
1374.56693418037 347
1053.86168171972 77
1277.65476363518 329
993.464251846744 73
1153.58689041757 83
1225.81216535062 297
1222.48617159185 301
758.532132213382 145
747.10774559393 133
887.529653869283 47
1045.56488692178 9
893.224617678151 53
905.528448788597 55
1195.52354470621 319
969.399687617559 71
761.023246074187 143
1256.91028419341 339
951.742021818005 61
1236.6270612124 299
958.746464368794 67
896.041569962703 35
789.724936628525 151
755.610911053736 135
884.447331260583 45
749.360398946509 139
894.244951386565 49
920.316129383314 59
899.225927206308 31
741.739324615014 137
768.271871711776 147
747.297862979392 141
904.991285603848 165
1221.61150556003 287
891.614384799192 43
894.081200504771 51
911.048521436552 57
889.770649645349 37
889.572772928539 41
1202.39215572457 317
889.780181964785 39
1095.27207785474 225
1480.68807797152 261
2500.74619876273 227
2500.74619876273 229
2500.74619876273 231
2500.74619876273 233
2500.74619876273 235
2500.74619876273 237
2500.74619876273 239
2592.86737009065 243
2592.86737009065 245
