896.191043372593 19
851.76553231236 117
853.181545096604 119
802.435579825689 121
742.955589369582 123
755.398135651768 161
736.418425171396 163
796.131313670476 165
1234.00557201909 287
848.961194076798 305
848.992134452717 307
847.047166802716 309
840.76392925832 311
844.682912425172 313
1255.31080403599 341
1844.18620080667 253
2332.50964635622 245
2247.52136899154 247
988.638138946415 93
1238.46651861421 187
1092.00740255898 89
1223.77056783601 343
2389.80361824959 239
2452.10775282153 237
860.981598764623 55
866.557458426952 57
1088.70676805718 303
1087.43332870441 185
929.456669847882 101
957.511471480865 97
1517.42763196024 273
927.872851731192 99
2075.60892785942 249
1799.11579297654 255
1036.0690617933 85
1043.43001321671 183
1637.6431050859 269
909.220042533189 105
894.976295925959 103
865.484670492233 111
1568.49278438249 271
889.566847682465 171
1530.9085916341 265
1000.6497823746 181
850.863518970937 109
873.47970296594 107
859.876917809788 67
1786.38800475417 257
1938.5501509209 251
1137.70079850421 225
1253.72699970193 289
1124.14445662727 337
901.202973600356 75
937.463359219669 77
962.128632418021 79
1341.23137117818 191
861.344502995829 63
814.918668909303 51
844.104215655525 65
975.789906731683 81
882.184674174742 69
982.752721176326 83
1527.85270448079 263
1206.79694512897 201
1323.00066986481 345
1175.86711667033 301
892.399992731906 71
988.026549282671 7
1003.40033659141 5
845.110647847266 35
1426.59017505859 279
1134.17268913181 87
1232.98576771757 333
1344.02445443262 351
836.105970003382 47
966.303980976912 179
862.170044137458 115
896.584156790897 73
1350.66124923591 349
1458.46918917911 275
1278.03756546253 335
1415.37066303347 277
1295.53430477268 353
1569.4654885916 259
1610.53417904557 267
1183.50397174295 219
830.19368456401 53
832.572028188919 29
845.06022569371 59
1170.9666170821 215
893.657221501214 15
1339.80264688507 189
1280.89375261033 195
1312.64130888496 193
914.64187494519 173
1248.76121391782 331
1152.78831106454 223
950.400974031737 177
828.671688537695 49
1229.27551578688 355
872.813539743201 169
928.907705891659 175
1248.15387769429 297
1256.95032083887 197
1190.06949573305 217
1181.91560274504 221
1250.22886403792 299
1235.75694419965 325
1248.44398568778 199
1167.35246064554 227
898.712005974955 113
925.093481358397 13
1227.29072967427 203
1292.01447802146 291
824.353190578338 27
1145.80061202124 359
843.690058311135 45
961.134337018908 11
1177.59165569885 213
1179.10629566447 211
1237.47703290388 327
1194.11528898269 207
1366.75000423225 347
1100.97894341807 1
1203.38439597686 321
1220.00625180434 323
1181.02371750233 317
1179.08683845553 209
1255.88668833175 329
840.825420322872 37
983.29497618033 9
1197.0211086835 205
845.31839194371 39
1410.85267445091 281
1172.4217540889 319
1262.01608065545 293
1172.67419666606 357
836.879753079883 31
672.334927557841 127
888.113684797413 61
834.369453438429 25
1263.40036430048 295
902.297285592289 17
846.055874628625 43
847.518334825747 33
1492.71149695386 261
672.310425216113 125
883.574423389922 167
1046.82497830685 3
843.474052032758 41
738.235284928544 157
690.229687541145 141
678.571467276177 135
665.818836867705 131
1188.0675536632 315
669.929804807771 137
670.794666310416 129
834.835738583947 23
698.518077960912 145
816.296226537075 21
722.539412617049 151
668.922362986099 133
1284.49761896887 285
693.883381738582 143
710.757313404708 149
755.398135651768 159
743.782177392398 155
685.093121174191 139
707.585685479372 147
1255.31080403599 339
729.74528807795 153
1277.40499299465 283
1096.34180303748 91
1061.82367511346 95
3107.28190843018 229
3107.28190843018 231
3107.28190843018 233
3107.28190843018 235
3273.90486890076 241
3273.90486890076 243
1844.18620080667 253
